0,19.44,22.46
1,38.08,89.88
2,11.2,95.7
3,29.84,30.91
4,67.37,13.24
5,34.31,12.15
6,81.07,17.72
7,42.98,95.17
8,15.18,86.68
9,44.33,75.49
10,13.77,61.83
11,12.13,90.38
12,31.23,36.42
13,50.11,13.15
14,5.82,46.38
15,97.46,30.6
16,44.43,55.33
17,99.37,80.59
18,38.08,50.01
19,28.4,81.7
20,46.21,40.01
21,99.52,10.92
22,92.38,77.66
23,82.34,93.24
24,27.9,19.95
25,30.57,36.26
26,88.26,83.64
27,83.84,69.13
28,31.8,55.22
29,42.33,63.65
30,32.55,52.18
31,6.59,34.89
32,51.84,69.56
33,28.42,64.11
34,0.2,3.91
35,96.8,13.61
36,60.35,88.82
37,82.87,77.84
38,2.47,80.78
39,74.32,51.52
40,60.8,85.84
41,42.78,60.79
42,25.52,67.73
43,82.42,91.95
44,32.17,87.06
45,89.66,37.51
46,56.46,4.6
47,71.91,94.61
48,14.38,58.77
49,83.81,36.56
50,33.55,4.66
51,93.68,48.51
52,24.73,28.85
53,61.68,72.67
54,38.29,84.26
55,16.02,53.79
56,91.84,88.2
57,17.46,56.81
58,78.36,57.08
59,95.11,78.08
60,92.13,97.87
61,70.8,10.92
62,74.39,88.62
63,26.83,87.6
64,81.96,87.08
65,63.26,26.48
66,78.87,13.45
67,2.01,96.88
68,71.68,21.62
69,75.66,3.75
70,8.87,52.58
71,17.85,78.72
72,95.3,44.9
73,63.29,58.5
74,68.18,61.36
75,99.98,57.07
76,17.2,84.75
77,42.41,59.75
78,33.2,33.84
79,38.88,25.51
80,16.85,60.69
81,8.68,44.68
82,88.72,24.42
83,12.87,12.4
84,92.04,71.25
85,97.86,45.06
86,79.16,49.18
87,26.14,7.23
88,91.69,67.68
89,9.17,53.18
90,80.57,6.65
91,81.42,94.26
92,52.4,44.1
93,65.4,41.07
94,68.97,81.82
95,73.37,91.59
96,65.35,9.45
97,42.3,29.45
98,46.92,95.83
99,80.76,38.57
100,24.49,53.06
101,18.97,37.83
102,14.57,57.0
103,22.38,58.24
104,20.43,8.27
105,33.05,71.84
106,75.78,11.73
107,31.27,8.48
108,96.11,24.56
109,46.68,46.69
110,54.07,26.31
111,11.8,67.33
112,53.23,96.42
113,33.83,93.06
114,98.63,90.95
115,45.8,29.41
116,27.07,74.01
117,11.34,37.88
118,85.69,62.98
119,45.73,39.31
120,23.83,23.0
121,59.49,73.12
122,25.69,26.56
123,97.3,53.66
124,52.9,0.24
125,34.47,87.16
126,97.56,21.82
127,41.68,13.03
128,1.57,87.22
129,94.32,93.13
130,37.17,63.09
131,35.86,22.11
132,4.18,72.8
133,79.35,50.03
134,83.3,29.06
135,98.25,30.27
136,80.91,60.85
137,78.58,79.66
138,37.22,93.33
139,11.0,88.85
140,21.82,72.12
141,80.55,45.96
142,59.03,67.57
143,44.58,13.21
144,47.4,66.06
145,17.4,91.59
146,98.87,84.11
147,91.4,76.09
148,53.32,6.19
149,56.79,77.88
150,65.02,17.51
151,53.05,21.31
152,97.01,15.23
153,91.42,7.42
154,71.73,68.43
155,7.56,77.42
156,51.89,20.71
157,74.88,95.69
158,7.2,53.74
159,70.71,76.66
160,25.68,34.26
161,65.87,98.86
162,28.62,32.08
163,94.21,87.46
164,7.27,0.83
165,73.82,97.04
166,55.25,94.13
167,77.5,9.31
168,24.22,29.38
169,73.39,50.43
170,1.15,10.11
171,52.12,59.61
172,53.41,76.58
173,13.88,40.28
174,92.49,57.03
175,3.66,89.73
176,46.58,27.72
177,14.53,36.22
178,75.44,82.85
179,52.48,51.0
180,8.96,66.8
181,47.63,75.91
182,36.05,1.83
183,59.12,27.96
184,73.0,77.81
185,75.59,29.49
186,39.78,35.43
187,89.17,85.41
188,56.71,58.35
189,28.43,63.34
190,26.03,0.49
191,11.16,67.71
192,9.7,93.64
193,70.65,32.22
194,17.62,50.57
195,32.96,53.31
196,49.42,23.61
197,28.17,47.83
198,53.0,67.97
199,68.09,81.88
200,30.12,17.99
201,10.05,20.28
202,85.91,0.95
203,0.78,92.91
204,95.64,10.17
205,88.75,15.87
206,23.4,34.46
207,11.81,39.92
208,15.98,42.85
209,37.37,20.02
210,29.33,26.29
211,81.95,1.24
212,92.24,19.64
213,14.43,43.53
214,37.23,34.39
215,0.6,49.51
216,46.38,41.24
217,26.02,5.28
218,30.85,52.71
219,10.87,83.23
220,62.49,92.02
221,39.53,30.89
222,43.49,86.97
223,59.75,70.64
224,60.33,1.44
225,27.29,20.38
226,90.2,22.28
227,28.27,5.18
228,34.67,23.1
229,83.47,40.87
230,76.66,25.71
231,16.07,70.58
232,14.07,70.05
233,89.87,56.33
234,87.22,1.0
235,48.89,71.27
236,64.97,0.37
237,66.11,47.43
238,10.43,41.6
239,43.25,75.56
240,63.29,28.19
241,36.13,69.41
242,81.24,30.77
243,25.25,0.85
244,88.46,18.57
245,83.78,50.49
246,31.45,40.31
247,62.69,60.82
248,16.22,22.87
249,15.6,56.24
250,78.37,33.66
251,83.3,85.32
252,67.73,46.94
253,33.22,79.35
254,85.67,19.89
255,41.45,88.52
256,84.63,14.69
257,41.52,10.23
258,88.25,16.34
259,10.52,6.18
260,67.05,68.93
261,9.44,16.4
262,85.89,92.21
263,85.05,23.22
264,39.38,25.35
265,0.31,4.35
266,86.24,11.48
267,69.59,27.61
268,71.4,65.2
269,54.18,72.67
270,87.68,95.04
271,6.35,2.43
272,30.7,95.68
273,30.85,84.57
274,69.33,72.16
275,44.55,95.64
276,76.68,76.07
277,68.14,99.25
278,15.37,40.42
279,22.38,48.95
280,77.23,68.81
281,70.26,65.22
282,84.76,37.88
283,37.47,25.55
284,35.96,6.59
285,85.38,11.52
286,48.0,95.62
287,62.45,85.39
288,31.25,76.7
289,51.99,98.57
290,85.1,89.59
291,17.45,67.82
292,4.16,35.36
293,86.02,51.68
294,15.59,77.09
295,22.44,54.63
296,31.02,26.02
297,73.12,37.17
298,70.47,69.25
299,86.55,28.88
300,48.8,77.13
301,51.02,71.16
302,8.73,9.43
303,80.86,46.91
304,0.15,34.45
305,41.76,74.78
306,52.18,39.57
307,85.59,15.88
308,50.74,61.56
309,46.18,78.81
310,63.59,53.97
311,82.26,21.51
312,34.06,77.85
313,30.5,81.3
314,87.47,43.07
315,83.21,7.44
316,42.36,96.01
317,75.34,76.98
318,25.41,50.17
319,59.75,11.33
320,75.3,18.05
321,69.49,91.29
322,2.93,25.56
323,75.56,28.0
324,83.07,53.24
325,74.54,56.86
326,31.97,74.7
327,82.81,54.75
328,2.21,55.46
329,5.39,11.72
330,59.74,28.73
331,81.94,99.13
332,89.14,99.16
333,75.2,84.02
334,14.09,57.17
335,94.06,23.91
336,35.09,60.82
337,36.52,3.89
338,53.45,30.57
339,5.17,55.87
340,70.38,42.57
341,40.3,91.79
342,66.41,55.9
343,13.47,72.7
344,56.19,1.49
345,6.78,28.25
346,87.1,24.37
347,15.73,87.43
348,73.45,12.18
349,93.95,44.05
350,96.24,81.22
351,26.27,66.6
352,21.53,27.8
353,30.22,53.14
354,56.5,19.36
355,8.34,29.25
356,97.27,14.14
357,99.32,72.2
358,26.59,2.28
359,74.13,86.69
360,23.01,48.21
361,4.65,27.46
362,88.22,51.93
363,1.75,0.9
364,22.72,67.95
365,48.11,47.83
366,96.47,23.46
367,59.3,45.72
368,51.76,85.05
369,88.02,53.47
370,73.54,89.42
371,32.7,16.61
372,72.26,81.72
373,90.87,90.42
374,83.13,3.93
375,57.48,58.01
376,66.52,69.97
377,29.6,59.71
378,86.63,39.85
379,0.33,58.0
380,27.91,71.91
381,93.02,5.2
382,89.64,59.35
383,33.98,51.98
384,8.47,27.27
385,13.02,45.3
386,27.05,64.28
387,36.33,11.92
388,86.44,40.39
389,48.62,1.56
390,61.28,23.21
391,33.7,89.68
392,57.22,5.44
393,46.49,66.47
394,80.57,75.48
395,21.11,74.79
396,47.85,44.52
397,58.5,43.51
398,71.95,34.69
399,76.1,60.34
400,55.23,69.17
401,70.35,4.12
402,97.21,12.08
403,86.27,14.53
404,98.87,68.54
405,56.37,64.37
406,81.06,43.02
407,77.64,61.91
408,68.67,32.33
409,86.01,9.14
410,93.93,53.26
411,57.1,27.42
412,94.96,85.39
413,75.2,48.85
414,26.27,82.03
415,62.13,56.4
416,33.97,18.22
417,60.39,99.32
418,98.74,25.06
419,80.78,26.15
420,79.45,66.52
421,10.04,93.72
422,81.48,73.68
423,56.91,40.72
424,58.21,23.41
425,47.2,9.87
426,3.5,26.78
427,14.28,80.54
428,59.61,6.02
429,9.31,66.07
430,81.11,26.0
431,42.93,95.76
432,52.71,10.25
433,69.07,14.59
434,94.32,74.53
435,23.26,63.63
436,77.84,29.42
437,67.49,69.42
438,83.12,64.76
439,58.91,71.44
440,33.3,63.14
441,54.21,38.89
442,25.03,38.02
443,10.06,12.23
444,90.62,84.72
445,6.22,14.37
446,52.16,58.46
447,7.07,87.79
448,92.42,93.36
449,90.26,29.48
450,58.06,88.61
451,98.0,87.27
452,21.19,35.66
453,8.04,86.42
454,2.86,45.86
455,32.73,55.09
456,52.8,42.15
457,51.48,12.13
458,64.17,12.57
459,48.49,92.03
460,0.43,89.58
461,73.44,96.85
462,64.25,11.11
463,18.59,40.8
464,65.87,69.96
465,66.55,79.15
466,73.77,97.56
467,18.16,68.9
468,60.07,74.16
469,19.29,77.62
470,49.11,8.04
471,92.77,66.85
472,74.62,48.81
473,64.39,25.93
474,5.05,63.12
475,40.5,38.33
476,10.54,14.61
477,59.01,9.35
478,82.57,67.75
479,13.04,38.5
480,71.12,80.64
481,12.1,83.71
482,42.36,97.46
483,82.15,1.01
484,51.81,39.38
485,13.1,3.69
486,3.58,33.43
487,44.45,47.11
488,94.21,3.19
489,14.49,96.23
490,44.95,30.61
491,61.91,76.69
492,27.34,0.78
493,34.02,12.37
494,58.4,41.31
495,3.08,98.26
496,76.45,67.05
497,82.28,19.76
498,26.52,8.78
499,92.21,30.07
500,60.26,53.02
501,34.9,98.96
502,55.47,39.02
503,75.19,11.59
504,52.45,2.94
505,58.03,29.53
506,68.68,5.51
507,96.47,63.52
508,35.58,81.08
509,98.9,82.1
510,45.75,54.92
511,19.86,18.61
512,75.48,89.69
513,21.16,65.7
514,27.78,15.3
515,59.64,95.58
516,6.93,21.46
517,54.07,57.47
518,3.18,45.8
519,92.87,13.58
520,52.13,8.61
521,66.93,39.99
522,52.27,14.25
523,91.6,43.23
524,19.51,62.27
525,38.08,13.08
526,70.73,28.8
527,5.3,71.66
528,98.86,89.86
529,18.24,5.89
530,88.44,95.39
531,17.36,61.73
532,73.84,43.36
533,22.78,55.04
534,79.83,99.37
535,13.35,89.44
536,85.33,45.32
537,99.78,4.54
538,9.73,87.46
539,70.24,35.33
540,34.05,42.03
541,50.13,43.39
542,50.17,61.3
543,9.12,12.26
544,30.13,34.75
545,35.57,96.36
546,43.75,3.78
547,39.94,31.52
548,46.6,24.71
549,16.92,65.28
550,21.22,65.7
551,52.32,23.55
552,23.62,88.75
553,40.56,29.7
554,50.45,10.53
555,55.96,80.53
556,46.82,26.32
557,21.58,71.12
558,63.56,91.27
559,21.53,38.29
560,50.61,19.43
561,49.18,86.8
562,43.06,97.19
563,74.95,37.21
564,17.32,34.58
565,97.98,72.3
566,59.61,69.96
567,39.15,54.14
568,57.67,22.3
569,98.7,51.2
570,46.09,32.94
571,96.09,96.21
572,81.2,22.79
573,3.96,89.6
574,69.84,71.9
575,64.38,86.91
576,87.53,18.49
577,67.58,27.9
578,14.98,54.52
579,42.69,66.63
580,57.57,63.03
581,66.05,4.22
582,8.05,28.23
583,98.36,27.35
584,71.28,55.79
585,69.78,36.9
586,61.18,67.83
587,17.0,42.08
588,51.15,36.26
589,93.34,41.94
590,37.85,44.14
591,27.84,98.09
592,91.24,81.27
593,41.95,81.43
594,54.83,54.12
595,12.28,53.24
596,57.14,2.9
597,56.94,30.91
598,48.53,94.38
599,30.93,19.13
600,71.93,47.29
601,16.85,18.67
602,18.24,67.11
603,74.95,99.93
604,9.3,12.72
605,25.06,18.95
606,7.23,86.49
607,14.14,57.64
608,35.14,88.0
609,98.01,2.72
610,66.23,68.17
611,50.55,10.33
612,80.88,79.71
613,65.1,48.65
614,81.16,79.77
615,74.25,44.91
616,5.34,89.22
617,45.16,33.66
618,55.0,86.4
619,95.62,67.03
620,88.66,0.53
621,23.86,43.46
622,9.68,79.86
623,67.48,21.68
624,9.57,61.41
625,39.59,77.31
626,57.82,30.12
627,31.94,13.38
628,27.67,38.91
629,73.13,85.5
630,35.12,34.16
631,48.68,29.87
632,72.09,57.23
633,93.3,97.39
634,78.1,28.6
635,16.03,73.13
636,81.04,18.47
637,89.45,87.67
638,24.32,51.3
639,34.5,29.34
640,52.92,55.12
641,12.37,89.04
642,7.94,74.69
643,13.68,92.18
644,80.58,66.04
645,32.44,30.5
646,57.51,75.46
647,49.77,86.81
648,30.11,27.48
649,82.59,63.3
650,4.77,8.23
651,49.64,15.94
652,11.98,71.59
653,17.41,16.04
654,92.47,86.58
655,97.69,90.67
656,51.46,56.24
657,48.93,9.8
658,50.31,95.94
659,18.22,27.61
660,5.53,43.72
661,53.78,16.95
662,28.74,41.34
663,80.4,4.05
664,63.14,7.69
665,65.8,30.53
666,65.75,70.75
667,98.52,42.36
668,33.13,73.28
669,66.41,69.82
670,4.87,29.35
671,8.16,12.58
672,18.84,28.47
673,46.31,1.13
674,30.47,90.11
675,70.75,35.65
676,77.63,59.83
677,24.19,39.3
678,61.62,76.22
679,37.28,16.19
680,29.08,74.25
681,41.37,5.65
682,14.55,28.81
683,40.94,44.78
684,40.12,92.65
685,75.71,28.67
686,53.34,68.93
687,75.53,47.71
688,18.26,98.86
689,44.17,90.19
690,66.98,84.81
691,23.26,0.39
692,20.23,0.4
693,41.8,52.93
694,65.81,12.5
695,74.8,87.21
696,25.38,9.37
697,89.49,43.27
698,68.14,68.98
699,12.0,16.87
700,39.17,28.99
701,82.86,37.32
702,40.72,46.09
703,15.93,13.82
704,56.76,3.5
705,18.36,9.18
706,16.17,18.13
707,10.97,36.55
708,42.49,23.83
709,57.9,17.5
710,10.3,89.04
711,5.78,94.16
712,37.25,92.46
713,10.69,62.41
714,90.53,24.22
715,76.96,90.24
716,61.86,31.24
717,77.46,70.96
718,51.99,23.23
719,67.08,4.96
720,87.2,19.61
721,1.49,27.77
722,42.22,96.06
723,92.56,54.5
724,42.38,3.04
725,96.32,29.94
726,90.6,12.8
727,56.95,59.16
728,24.8,81.81
729,44.67,9.01
730,4.95,56.63
731,87.97,85.06
732,4.06,9.62
733,29.49,14.81
734,9.06,28.93
735,24.75,35.31
736,53.74,82.64
737,35.07,54.02
738,41.49,31.67
739,10.75,37.3
740,14.99,51.94
741,67.62,23.98
742,25.98,44.16
743,39.32,28.72
744,44.96,36.51
745,5.48,22.64
746,11.28,10.14
747,90.21,52.05
748,48.14,88.79
749,74.44,89.96
750,53.65,73.95
751,23.65,42.83
752,1.72,56.45
753,11.72,24.33
754,60.16,70.27
755,6.24,77.76
756,20.57,33.5
757,17.42,87.34
758,32.83,14.25
759,46.76,33.78
760,60.35,3.12
761,2.74,2.55
762,71.91,97.84
763,65.22,64.11
764,29.56,65.49
765,11.94,14.85
766,3.49,53.78
767,32.65,73.63
768,22.78,93.38
769,75.83,28.73
770,0.27,88.36
771,82.91,72.5
772,54.26,59.17
773,0.14,62.3
774,27.73,62.18
775,43.93,59.56
776,28.13,34.86
777,33.28,12.48
778,42.31,56.22
779,7.14,88.01
780,17.41,26.37
781,79.73,25.44
782,23.87,35.7
783,91.48,67.22
784,31.77,56.36
785,45.7,10.66
786,60.68,82.57
787,19.46,75.33
788,79.67,40.03
789,15.15,11.46
790,29.09,70.68
791,56.59,63.47
792,30.82,55.02
793,15.29,10.42
794,40.37,96.11
795,87.49,7.77
796,17.47,7.78
797,33.42,21.04
798,75.51,57.57
799,81.12,45.73
800,5.31,10.14
801,69.74,47.4
802,10.99,0.01
803,68.04,50.47
804,79.19,43.91
805,96.62,18.54
806,71.88,37.66
807,59.17,72.09
808,46.29,46.13
809,49.35,10.22
810,38.88,70.51
811,19.96,90.8
812,62.34,2.23
813,94.33,35.02
814,67.79,48.16
815,53.72,82.91
816,34.25,92.43
817,82.27,3.76
818,61.77,26.63
819,72.18,22.23
820,11.68,47.95
821,78.81,47.06
822,14.81,11.57
823,8.08,34.37
824,64.28,91.34
825,71.21,56.77
826,96.71,44.35
827,34.6,57.17
828,33.79,86.16
829,20.65,2.86
830,97.51,9.29
831,18.14,82.54
832,25.49,57.88
833,31.13,1.46
834,15.11,42.23
835,28.73,29.9
836,14.13,24.26
837,86.64,16.9
838,86.75,16.77
839,84.25,6.01
840,89.9,83.93
841,25.81,46.05
842,51.28,15.87
843,99.68,14.06
844,44.14,93.43
845,65.72,42.04
846,11.66,98.84
847,63.96,25.53
848,2.26,77.1
849,56.19,80.72
850,22.93,50.07
851,12.84,35.46
852,85.28,45.73
853,8.18,35.73
854,93.62,54.11
855,8.46,8.27
856,51.75,37.52
857,28.28,73.41
858,34.47,82.96
859,92.19,60.29
860,50.37,35.14
861,37.2,70.16
862,29.69,78.32
863,57.45,74.19
864,69.52,19.24
865,65.6,1.06
866,6.47,88.49
867,26.76,92.5
868,19.82,50.42
869,87.78,7.16
870,76.6,57.82
871,93.85,55.41
872,43.57,86.46
873,34.06,85.92
874,22.38,41.78
875,52.91,63.63
876,7.79,12.38
877,1.04,15.44
878,76.12,23.08
879,21.67,25.43
880,61.35,90.67
881,3.37,10.92
882,46.07,25.78
883,33.81,59.64
884,13.85,88.36
885,69.73,11.75
886,44.22,38.04
887,25.11,76.84
888,55.92,41.5
889,63.82,21.22
890,35.5,31.89
891,50.66,71.35
892,61.85,38.1
893,26.34,83.76
894,31.64,34.5
895,68.11,26.5
896,64.79,10.11
897,55.08,68.59
898,49.23,4.98
899,95.78,69.4
900,81.76,57.75
901,10.6,94.24
902,18.38,92.28
903,99.53,34.47
904,50.56,91.68
905,78.7,8.91
906,74.65,99.27
907,1.73,56.03
908,82.42,90.34
909,34.99,51.88
910,15.41,31.51
911,34.73,69.07
912,45.55,35.18
913,38.06,75.88
914,1.18,57.2
915,76.36,79.73
916,10.81,58.99
917,86.62,67.6
918,17.36,74.69
919,99.88,90.44
920,91.85,85.03
921,16.86,40.57
922,42.66,51.95
923,39.91,33.13
924,2.67,1.23
925,45.19,6.97
926,19.79,24.53
927,82.43,61.08
928,85.69,14.57
929,93.29,55.31
930,93.32,36.2
931,96.04,60.64
932,99.51,12.85
933,97.34,79.49
934,28.31,4.36
935,27.86,18.79
936,82.66,99.96
937,82.63,96.1
938,47.97,78.03
939,48.64,59.03
940,44.14,60.76
941,90.59,9.43
942,50.59,14.48
943,57.91,72.87
944,52.78,62.08
945,81.44,1.49
946,96.7,58.55
947,42.87,58.64
948,39.03,31.72
949,60.82,5.19
950,24.34,26.9
951,32.07,81.14
952,96.37,23.6
953,31.8,34.24
954,23.49,83.02
955,60.41,10.09
956,31.62,22.3
957,29.0,90.13
958,39.51,5.75
959,76.1,68.43
960,21.91,97.12
961,82.96,15.01
962,66.05,38.91
963,86.69,48.97
964,96.6,77.66
965,32.31,29.07
966,68.59,76.85
967,24.44,97.91
968,10.06,7.06
969,15.05,58.2
970,72.57,21.78
971,68.75,17.37
972,97.1,9.98
973,85.69,3.35
974,95.2,15.16
975,34.39,90.87
976,61.81,55.49
977,3.47,56.97
978,77.66,95.74
979,38.31,87.31
980,51.93,9.29
981,22.81,31.41
982,99.47,49.57
983,30.14,6.82
984,76.38,52.61
985,38.7,87.94
986,44.56,41.12
987,99.48,59.56
988,95.26,87.32
989,14.89,34.27
990,57.12,81.4
991,92.94,19.15
992,67.12,88.78
993,4.93,78.94
994,96.03,11.86
995,18.56,44.43
996,65.67,65.4
997,84.24,65.89
998,8.4,3.36
999,28.88,5.56
