457
518
8817
3792
6709
3019
1815
7357
577
3049
5276
5201
4693
6234
3773
648
3101
4032
5372
2788
2256
1771
3364
7055
6500
5649
1206
5911
2286
6975
416
4827
7489
8446
2409
1148
5716
961
9480
5003
6317
3292
3760
7108
367
1966
6277
7694
5510
7714
6754
8671
5310
7848
3337
5011
7111
1008
306
5035
5848
5361
4768
2353
5183
4021
3040
7633
9144
3325
8794
2541
269
4026
8428
9002
5407
664
9800
4946
3533
4005
2801
5941
1285
3233
8336
7998
9133
4800
2844
8939
9281
2826
8105
1548
4208
8947
3476
7428
2041
6991
6013
1974
4007
9482
3386
5912
2707
6703
7743
1987
6994
4705
8354
3022
858
8036
338
3232
8423
5621
5994
9884
8065
2379
5161
2837
7068
5528
8082
4825
7116
8352
1353
1300
2807
4868
9708
5383
5703
8481
7301
7813
4526
4361
6969
9803
5187
8401
5502
8338
2448
1738
7341
767
9395
8342
7765
9328
7237
4359
4810
342
9434
9596
7548
8798
9747
2483
4618
2501
9326
917
9022
363
119
9349
2355
6671
8067
8133
9174
6845
7533
8186
6858
2074
2668
6403
6509
9616
9082
8218
7042
935
4933
2549
1374
9272
5311
8018
862
8865
2701
7604
3012
7837
5330
7635
7612
5135
7226
6973
808
7371
2798
4086
3843
4354
8215
7994
3836
8929
569
9882
2672
6820
5543
6241
1979
7545
3942
5569
1416
7283
1036
4915
1432
7209
4471
5483
7293
3949
3495
8559
4869
759
1841
3370
8066
1562
6854
729
9473
3973
9745
7062
6710
8952
2319
4335
3842
9550
4948
2860
3343
7002
4381
5505
7332
5360
4461
3549
4043
9101
1017
7518
1800
4654
2063
9348
2264
7690
2165
7871
4215
3418
7400
3128
3761
3794
4478
4342
2565
5319
8729
9332
6943
7918
1324
5439
9137
2715
3323
6218
9612
407
6825
5892
1868
2753
3911
9836
782
5631
2312
9181
6142
7340
5877
9974
58
2505
2790
1205
227
4304
6406
4918
6896
5204
5017
4325
2459
3210
951
6391
5825
1667
7647
2168
4564
2775
4445
6058
5515
7543
6856
7822
4374
5526
2178
766
304
3114
5022
1904
4568
4807
5077
8320
6246
1178
4707
5924
9995
2373
1197
841
994
1754
8372
2752
9958
4192
76
1508
9840
1679
8676
9310
6378
9316
6005
5746
1405
2034
8684
4935
8451
4096
5582
556
1111
7201
1277
7323
7866
4002
8255
721
5301
8380
6833
4098
6987
5798
7939
22
5910
6706
7049
1623
3520
7482
189
615
9998
7311
296
374
8562
6614
9752
5349
6990
8603
4968
7812
3983
2042
762
4338
3437
4453
6245
5658
9120
3116
7491
2398
7629
1102
8544
3681
5537
9807
64
9075
7464
5143
8961
8112
7422
7255
8983
5652
3971
3497
2193
1647
4924
634
6755
8805
4839
9812
1689
9067
9076
8152
4592
5488
7829
2879
9997
3171
2304
7082
7231
2472
4283
4815
2521
7830
5153
5160
8199
9788
2743
7510
538
284
8341
971
7726
7541
235
1340
9631
1122
5552
8981
254
2025
8424
7835
8520
5986
465
3696
7320
2978
9859
7641
5776
6859
7952
5560
568
6478
9742
904
2462
7693
4422
9495
4372
1664
9521
9235
1414
6091
2239
1196
542
3431
1132
4268
955
490
274
7304
3266
7362
1112
8650
6584
9453
3388
2758
3505
2119
7750
9202
853
1282
7468
6580
837
9032
4977
2003
8181
7911
1825
5441
4022
9663
3795
366
3091
593
7440
738
8787
9470
1573
5288
1
6559
8242
1421
7295
1610
1978
8273
7724
8381
5466
3732
7204
4467
2251
5226
4578
4489
1719
8604
7540
9702
420
6972
1156
8404
351
9892
3376
6528
7285
6935
2852
9191
134
5551
3689
5095
3452
4632
3574
7653
7823
9378
4257
8146
4949
9802
1792
2306
2762
5432
341
1964
5750
5764
4832
6558
353
7135
5500
2680
1174
6984
1864
2578
3122
4769
6533
6398
6486
9301
7903
1602
3965
6428
3950
7827
3471
4780
7138
5105
3272
4692
7763
1366
2516
5071
2242
1459
2443
5329
5512
271
9586
5284
5745
9129
7387
2948
1662
724
3508
7376
629
7022
2240
8432
8688
6173
2824
690
3979
7300
6276
9837
2960
2909
264
8719
3718
8838
332
1026
8394
3152
1313
2027
7187
3879
852
7589
5235
6593
8444
6103
9313
3056
8180
716
4057
2660
3231
4298
4318
2029
1224
2907
7421
3095
2608
9817
2531
9657
3703
7917
9776
308
6476
3651
3502
2619
1488
2562
2695
8197
612
207
118
2930
1108
3769
128
9763
397
672
9905
9402
1248
1440
1725
391
1507
6936
1228
2143
6455
6061
5028
4013
3320
7450
289
5527
5887
7601
5159
6323
892
8465
69
3324
7516
7508
9093
6497
2503
3547
5332
2408
1876
8435
3290
7282
1217
2856
8028
7908
3946
6334
1368
1630
6320
6568
3313
138
3464
4712
2048
4045
9749
5754
8917
8979
6105
295
2676
7309
1676
6812
9726
4279
6616
383
5073
4659
3346
1903
5019
7056
2764
864
7988
6552
5305
8720
5772
9119
7609
1567
2298
3602
4195
5504
6927
7084
4105
4518
5580
4748
4406
2131
960
7134
8555
511
3665
5271
5863
4474
6843
6796
4677
7452
1042
8959
8623
8558
8894
492
5481
1500
9483
2805
3684
8535
5254
4588
4522
5640
608
1520
1639
3064
50
4450
6187
6554
3256
1486
2033
952
3362
9751
8158
6014
1803
6400
6951
2102
9044
2367
4152
3544
2334
9117
9222
225
2881
4162
7679
2323
912
7394
9935
9251
655
1067
3235
1225
2187
7665
3390
4607
5365
3626
6982
3460
9767
760
79
1537
12
467
6961
1528
8069
6566
656
6778
3123
8880
5876
6480
2252
4833
166
4492
4704
4212
585
5879
836
1392
1232
8094
2173
4629
1214
2526
2756
3183
2530
2441
4782
5995
8937
9874
1271
2439
2618
8448
3397
6494
5456
4504
9826
6357
6028
6489
2537
8790
8570
5940
1123
9340
6840
2360
7907
4232
1620
6851
534
7720
3380
6457
9842
9447
5756
5862
6314
9555
4630
7488
400
3909
6959
3647
1001
6806
6909
7962
7800
6272
6502
4700
1010
5113
9097
3766
7546
7212
2182
5139
1867
3285
1355
4235
8505
2582
5167
8384
5934
9952
4867
1424
5478
6365
8896
6433
8918
7003
4721
900
1455
8494
7673
4914
4438
6736
3339
8647
462
6458
8304
2591
3989
8765
9513
9265
8606
9570
4419
5498
8696
727
1494
4668
7460
2945
8467
6291
4859
1851
4301
3395
2914
4218
9769
8914
6692
8540
7511
6794
9060
4110
9762
4553
2645
6862
9627
9790
8355
2105
5142
2082
9611
8049
7027
4104
3969
163
3641
6312
2710
4185
1578
579
7257
5778
3309
7264
6582
2370
5164
3540
975
9957
2821
9932
6756
3401
7618
9153
2206
3126
8420
8852
1380
1463
4805
4064
9970
9396
7352
4753
7110
1035
8515
6848
4816
1948
771
7123
3829
4476
2404
6345
9642
9878
2100
72
9476
4102
159
6802
1382
2427
4803
3691
8359
4276
6316
8867
9755
1634
5173
5096
9772
1570
9525
8221
2769
1795
5704
2725
4024
779
1391
5933
6172
258
3048
8736
3407
9634
4170
8117
8878
2071
9768
4439
6609
3244
8437
4430
8886
516
6967
6929
9389
6657
7152
8264
9635
9993
3599
3640
393
6044
7083
1251
1448
3288
4575
7668
8834
4728
5714
9031
7411
5425
1750
2375
9731
7086
1780
8652
2431
6501
177
9249
3151
8493
2097
438
5979
6449
4921
651
627
3133
1817
3725
7739
3975
8611
3762
5282
1095
5417
682
6049
1561
1626
3896
2118
2563
2628
3036
9300
6583
5905
2674
2863
5197
947
5576
5674
1519
5308
401
4759
3743
8793
7734
2012
2819
369
7777
6591
7455
4107
2528
5168
5685
3028
5066
7287
9384
7821
1532
9255
9925
431
9917
5458
509
9420
3739
3400
504
4615
8100
787
8466
2510
4323
559
471
2683
9689
6423
5616
6071
1357
3662
5664
6815
8399
3553
6249
5501
6029
9180
5827
2604
3284
6640
4996
5793
4846
773
5149
2878
1155
8031
6578
8584
9071
8
9024
1298
9782
7316
1552
5437
6227
126
6369
802
7131
6118
1724
3211
1834
1052
9819
6537
6231
8008
2813
5763
4975
9107
5267
2603
5317
2704
3597
7267
8208
8727
8162
9015
9502
4404
8704
5962
9846
700
3214
5181
1153
9034
3392
9430
9317
8052
7789
8441
1304
679
9535
881
6621
1833
1404
1084
1114
7870
6487
7913
6889
6175
751
4932
9421
7297
6922
1246
4443
5873
2999
5348
9423
3970
5659
2083
3531
8297
5724
437
478
7517
8835
6718
4612
4517
9589
4596
5294
5992
916
9778
8642
6025
1810
6188
6898
9897
4715
8418
1064
1918
1698
2828
7794
6439
46
3207
3581
4595
8592
210
2509
337
600
7384
6920
9059
3245
51
2817
6036
9401
8881
2486
5972
5403
8712
2253
4395
2010
9580
1032
1813
1091
7695
87
4826
4199
7103
7505
6928
4523
9452
7050
4599
8899
8547
1330
1073
7775
8191
2275
5313
1588
7402
5947
3952
2099
8474
4790
7166
1470
581
5042
6149
137
8243
9063
7365
4680
217
1260
7102
2154
4731
3300
9248
2874
1474
646
3902
5041
1230
5447
8759
6298
833
8422
3169
9468
8070
8976
566
7672
6985
8660
3967
670
4964
755
2685
9175
8368
4452
1755
7894
4210
6788
1522
964
8269
1092
8631
2291
2932
2192
7431
3127
4658
817
8780
8265
7982
6099
302
5597
7012
1713
3429
4044
8966
2789
4352
617
4638
7393
1589
9929
3901
9479
1379
822
3866
1356
1577
3224
708
8321
3623
4316
4488
5344
2447
7936
8987
8383
3357
930
3885
623
3125
7626
8203
6760
9284
3206
3524
5886
809
565
388
5343
8350
9927
2285
1505
2138
7448
6226
3569
7446
2640
9668
661
8821
7419
9020
4548
995
963
2657
3770
1543
4701
1525
4028
4388
8832
2392
2011
4495
111
9655
6956
9207
7762
9595
3925
2400
2832
5516
7502
276
2135
8377
4541
2886
350
2294
9343
485
211
4637
7233
7938
5195
7783
4313
2374
4272
1247
1360
2630
1365
1426
1150
6511
8458
4613
1785
8686
2724
8876
6343
7698
3001
8760
3850
9577
753
6237
9591
8167
775
6282
8087
5844
2713
1710
9163
1980
3570
3421
1462
7227
1968
7628
2061
1594
2189
5667
1859
7162
9999
5587
2810
4896
1065
6753
4447
2002
1809
7493
7937
6189
4288
4990
7587
4330
677
5688
3939
7883
8788
8396
252
4133
3118
1307
2972
7235
3833
8537
1808
5242
6054
6266
4669
1756
4111
4227
47
8550
8763
5839
1504
8673
9499
2910
6280
3050
1565
6903
6109
300
9758
8478
2767
1837
8235
2477
1807
8314
7490
7600
2718
5210
8110
5644
5216
6242
8106
1764
7550
5929
9295
4527
4711
8103
3406
7278
6647
2913
7814
2698
3899
1077
1850
6926
5239
3959
3018
5828
1799
798
8332
1059
7685
4442
4591
4941
2017
7494
2383
574
7069
3043
6342
7453
6405
1157
5897
7193
6274
2550
8200
9676
6808
6536
2395
1772
6689
1784
8830
8593
4717
9114
9748
5993
9246
4099
2287
3948
1461
4521
476
9720
1294
2911
6608
8609
7581
7572
6540
6092
6750
987
1660
384
8176
4993
8824
4713
4236
3321
3297
8904
5976
1308
4202
9873
7207
2994
2457
8107
2520
7096
7747
2864
5405
2109
1487
8093
7156
5331
1696
7373
1922
3024
6027
3196
6010
293
9633
6144
7919
2500
3559
6842
6902
9346
5275
4676
9830
7946
4138
584
3790
9833
804
1502
5837
7732
3356
5768
3225
8059
3092
5249
1569
1427
3267
5392
7025
9425
1559
389
2940
791
1262
2688
6310
1663
2598
7414
2361
9518
2709
1389
1381
4958
355
3279
6563
9520
6186
8657
9261
8957
4287
5925
909
4160
7404
1776
9674
4912
2244
5881
1740
9753
8552
9933
122
8115
2919
2846
5558
838
4413
3365
5904
8722
9810
8784
5629
6620
8311
4546
3141
9274
9051
8240
333
2572
2284
1075
59
4739
1763
1471
8187
3423
8044
9277
6035
5450
5062
3838
3251
7010
1402
1264
6221
3110
3021
4006
1826
4774
7575
9682
7816
7399
4144
5888
6441
1078
4255
8672
3059
8949
9740
4217
4697
297
6303
756
9030
7934
4046
5156
3105
3831
9372
5326
2338
4075
161
3723
4686
5339
3759
7696
8975
4296
7470
4358
7971
4308
6077
9671
7342
5909
6124
1409
6056
5843
1973
3560
2536
2982
9302
7477
7559
2890
596
3865
9574
8062
9432
7563
8272
8020
2831
2691
8507
8007
6424
7072
3173
8527
2845
1965
3136
5707
5948
7344
1241
6169
8459
4274
3
1692
60
4544
4623
2659
6731
749
9244
3927
4121
4824
9542
5773
7648
4999
2449
8497
8972
8905
6100
9794
3185
8607
2559
9821
6285
3935
9630
7766
2981
3539
5225
6883
3678
7961
7147
4636
6264
2546
268
488
6466
7406
3073
9312
2799
4976
5511
9212
9876
7785
6963
1187
6004
6215
7143
9196
7122
7101
9544
1321
8347
5963
1596
5264
8625
5374
1995
1827
2075
3104
346
2942
3828
3816
6930
4229
3391
4555
9113
40
2399
9964
1322
8588
6522
6579
9856
3250
4462
6199
4886
7259
199
6670
6651
1269
7061
7347
7161
9286
8471
7805
9373
5460
4724
4206
3518
9638
2218
5471
525
2512
6397
5596
4319
6459
967
1821
2045
7507
7948
5158
1566
1425
6944
4480
5400
2161
5010
6093
104
4892
3811
5402
6763
4228
88
3083
5395
928
2627
1299
5926
1053
1204
5731
9664
1384
9098
8982
7500
2258
1417
9169
5341
2687
6603
4706
576
6165
4653
8822
6535
7276
9561
3889
7869
8362
8644
7423
6725
5585
2508
2951
811
8762
4165
9581
9898
2235
2534
7796
8598
1069
3620
8409
5247
3276
3153
7570
5376
1551
8594
321
7788
7737
3447
1822
1912
788
6122
9489
3755
4761
3466
459
2787
5299
4261
3852
4186
6217
7314
3668
6465
2261
7349
8600
7303
1530
261
9951
988
1820
3005
5964
1151
3413
5735
4951
9936
2958
3713
3958
9834
2307
6255
7243
792
3448
9632
6301
9262
3968
5285
5990
8895
3659
8436
3451
5472
3239
2991
5163
6545
7942
3347
8590
1333
2420
666
121
8130
4001
3817
5736
5859
7828
1331
8463
4150
9321
9362
3605
4038
455
4885
8839
5048
5005
6300
2588
1410
9505
5087
8431
821
1745
9965
622
594
2866
933
7986
2039
3387
4540
6182
3763
2006
2098
8613
8258
1897
1485
7059
803
659
461
7887
610
6931
6292
2478
8863
9342
3622
1436
1216
7956
6681
725
7382
1130
4789
7972
8921
4027
8095
563
5132
6
1007
7366
3636
3490
4034
4157
441
3765
8801
7
1862
5256
8658
4437
2422
2808
537
5409
5741
5807
246
9257
4180
3129
4373
3719
7857
7021
8363
317
6642
5122
8744
2623
2905
1137
3877
3074
548
7077
7753
7066
8621
2875
8923
7660
1963
733
3658
4169
9040
731
9087
1090
9858
107
3238
932
7806
8716
6438
6634
4475
6084
5252
3887
2085
6596
7091
7889
2700
9241
707
3319
4682
7385
8293
7139
8389
470
1942
2020
7232
9035
7815
5434
8449
2636
8099
2883
8567
2030
4752
7699
2234
8081
3341
9167
6203
3415
9743
6626
4905
5351
2164
220
7931
4414
686
4072
316
4817
7654
18
3963
6269
6048
8408
7686
4367
3653
7756
2108
5435
1847
1003
5004
4729
9536
5816
786
7537
8104
4899
4560
9338
9653
8754
9254
2601
8871
4329
6604
9972
7319
5713
2613
5683
4409
8940
8064
2076
4965
5470
8823
3333
7683
2721
7564
9992
4312
4435
546
157
5009
4019
2602
5753
8388
906
8335
7383
5384
6809
2895
3943
5847
8032
1690
9322
9728
313
5759
5599
6899
636
5025
4394
108
890
6134
9132
9377
9344
1472
7142
3854
8721
7429
4
5373
9147
3734
7697
4672
5070
2480
387
6305
9510
238
6861
5949
229
7760
7036
4986
5061
9160
9950
2984
413
6499
9072
8933
3474
4652
4203
8092
5602
5961
920
4736
1581
4604
4814
6964
1257
3629
3108
6907
8638
6313
1208
3504
9275
209
9847
7945
8667
4840
5952
6781
4758
4167
8843
3175
669
3624
6462
7682
7504
112
2023
1106
1287
4259
8012
8995
15
6104
6676
7588
3798
5408
5150
8259
6057
7353
244
4864
3693
582
7163
4587
3473
8997
6866
2839
3242
6685
330
4336
6197
8367
5860
1041
6585
6529
5618
6890
4334
5428
2406
3595
4538
8954
2170
9760
8131
9230
3996
3146
6201
640
1048
4280
1739
1649
8694
2843
9723
9868
4251
5446
789
6523
5613
6467
31
6228
7031
9828
8890
3630
4683
9553
4073
2692
3477
2763
1770
4230
361
5689
553
7390
4481
2579
2410
7669
2122
3926
1675
4547
5231
1881
7328
5921
2282
5578
8278
2070
7008
9424
1677
3020
6542
2470
3720
7899
5421
9771
8204
9371
4456
9622
9524
9466
859
2310
6715
7562
8715
5833
8195
7703
8988
3424
6605
578
181
6096
4048
9852
6073
2249
2946
3788
3862
169
9725
9528
6150
9127
3810
5154
3937
9902
665
764
6318
9267
4063
9441
6826
5345
3137
1489
5436
3178
6279
4483
2889
8811
8267
619
4801
9503
550
6443
9064
7914
3023
9956
4113
4929
7177
611
2912
742
8193
9074
4955
2656
5184
7335
5524
9394
5513
7768
5250
8177
4012
9311
4126
5611
8373
3062
9027
8967
1125
3783
5882
4651
2497
4365
4995
9400
8223
5272
1429
7591
4207
4377
540
4070
1787
1450
5737
3273
8628
4084
3612
3673
216
5006
5137
4583
2378
6723
7582
5581
4598
8585
2870
3262
1076
2113
6617
8786
4794
6882
8182
3226
4646
2058
7949
203
1830
8640
1888
8908
4743
4366
3359
432
5401
6422
8560
7987
9307
5864
183
7933
5506
1117
1711
6460
6382
9448
1437
7154
4979
5280
5698
6737
1081
3744
136
7674
2917
6200
4709
2646
7094
458
7158
6675
2553
5176
1342
5519
1616
4226
9178
9766
1194
8179
443
7705
7958
8782
9783
7290
9734
2299
6797
6034
115
4219
6171
7436
9875
2434
3120
7244
2977
2610
6819
6260
5575
2301
8705
8358
9023
3361
5641
8803
9827
8706
4209
6146
2834
3145
8846
288
2651
4747
6426
7058
1779
7048
1406
3499
5845
1200
9216
1765
7153
8054
3781
4241
5180
1746
7847
7671
8484
1221
7213
1650
1805
7579
2345
1460
8109
4751
9351
1914
5416
5429
1735
8789
86
4841
6645
9981
5937
5415
8310
8853
8427
2069
1944
9681
9084
9094
7023
1977
8011
8470
8395
1934
5475
2842
4574
702
748
7655
9519
218
7260
7467
855
5866
3856
8101
5999
8254
1994
4156
9784
5738
2024
547
2587
2317
4347
876
7192
5728
5679
1766
705
7119
1704
8447
3643
3419
2015
3176
7877
642
9567
5598
9893
3680
3265
1231
7438
9707
8626
5120
4770
533
7849
6046
8402
5740
4857
303
402
9018
3470
6148
9700
927
9185
7405
8476
6174
4831
9475
3482
5393
6482
9260
170
1079
7809
4108
7529
1250
3621
1600
3351
1849
8999
1635
9042
1971
9069
9853
4920
2248
1752
9688
410
4798
5287
5835
4125
5889
6595
408
5693
3562
693
7583
1398
2504
8234
8421
2924
1936
4163
7929
3582
6340
1637
5647
517
4982
5913
6701
6810
3061
5410
6970
3988
4487
5852
6938
2336
4660
1875
4734
1514
7968
2599
5794
6534
2783
4622
6716
57
8528
9176
7160
7044
280
3430
2149
482
6977
6296
5656
6416
1080
8542
1024
9539
3999
6372
2589
4836
6872
6050
8742
3475
9161
4090
1435
6442
7037
143
7105
7265
1498
1192
421
9921
2729
8034
6687
4154
9442
9647
2088
3013
9781
5482
1924
6376
2022
6477
6431
3993
4420
4823
2592
5426
7838
1162
348
1286
5604
5556
6954
7524
4115
878
2995
5573
4114
3011
3334
2210
7437
1906
5692
1319
3186
1996
1993
6838
3772
8501
1163
2453
150
1383
8845
3676
5468
7272
5088
4552
2793
4176
3519
129
6653
6206
6869
380
4364
4687
8608
2939
7851
6252
5358
6205
2811
7995
3873
5224
9829
1033
7536
818
3076
694
674
4429
7271
4549
929
9978
9901
7893
4934
2606
6571
9440
3182
4196
2719
3832
7644
7277
5681
464
184
1349
8536
67
232
6152
7270
7888
2157
4223
8375
8909
3140
5063
6650
9563
423
6159
7001
2158
4719
1900
5842
3509
6012
6888
982
7007
4355
9662
2197
4267
9907
5002
1139
20
6997
1644
1105
4634
5461
3350
3929
3293
3306
5020
3964
2833
315
3033
6818
6479
3155
3814
4140
9149
717
2614
6619
3611
4849
3402
1845
4233
2502
8343
2675
9142
4649
1222
8645
4332
1506
3277
255
8804
9639
8912
4974
8333
9558
9365
4509
1591
3348
2902
8709
5123
9303
5563
5903
1089
7501
7317
3215
2953
9918
7922
5457
1762
3465
2990
9866
7514
6081
9506
4762
5391
3144
1317
8398
9738
8071
3336
768
2357
6304
4030
6450
4569
1686
4029
3785
4927
5695
2351
3255
8699
562
9414
6846
6009
8319
774
214
4550
8306
2181
3200
8299
1990
7640
1014
9835
5970
6728
2227
4174
2970
8170
7032
3180
535
2861
8554
1975
7530
8743
6782
2641
6712
8154
867
4234
5590
451
7528
718
3860
73
4397
6041
2507
972
2134
2194
6307
2147
7146
4455
8862
7712
2754
6998
9486
2068
6871
5258
5104
9390
613
1323
908
4577
8530
147
7196
1496
8897
7125
5555
8986
9259
630
1894
6396
5559
9937
8113
2809
4662
8250
6308
8257
6787
7140
194
3154
6352
436
6337
89
8060
1714
5875
5891
4671
7868
6106
260
6565
8833
507
1726
8685
100
1693
8161
6667
1791
7238
4619
6461
2115
7751
5295
48
5968
5730
7029
7557
683
2086
5834
9685
580
9537
3894
1056
8482
7458
1475
7860
9552
5919
212
1582
6333
7646
8928
9017
801
9038
7374
1952
6339
1604
592
6475
5894
2980
3026
4311
2219
5081
8021
949
6768
7616
7666
7554
2714
8078
4023
2473
8551
9252
7053
5484
8941
2318
5614
2368
2711
3614
6293
3809
6868
8990
1193
997
5665
395
94
2735
6804
9126
529
2561
5804
5055
4297
5884
2554
991
5858
4345
5147
6663
8514
4837
6110
9770
1503
7818
208
1443
7921
2328
5627
2233
8586
3825
3844
5110
9576
6517
8080
5751
3260
8564
5029
7736
6740
8376
2943
2862
2433
8561
1038
587
5243
2152
7542
1957
4182
1160
1276
1513
8308
8460
2596
5938
5797
6355
1708
4324
4991
6586
1682
7622
2595
2452
652
2857
1240
1734
4239
711
770
6306
3542
3258
4499
5194
7856
8322
9675
1315
2468
3882
9418
6367
2127
7263
5089
8751
9203
9732
4069
2032
1220
4116
4556
9458
6299
7853
5130
2543
8700
9474
6913
1219
1697
5093
3483
9226
3077
6380
8931
2569
4980
6699
7895
2665
4505
2474
1363
4819
5014
7144
777
3131
7415
6865
6688
9462
1857
2934
4305
9308
5381
6767
2804
528
9353
8001
1479
1967
1261
7150
6921
6965
381
3275
9914
8938
9256
7380
2893
6623
8922
3205
9100
9233
6114
5234
940
4181
5419
2931
1593
2040
1255
7620
2445
3115
3039
8808
1412
7351
4172
2288
5212
1004
8340
3705
921
3280
4760
6772
2087
4275
2073
3849
2566
4936
9713
9283
9980
5390
8518
3577
7337
8854
9289
5046
5038
9036
8869
148
7755
4092
4118
8916
4477
1843
7169
2121
7963
5841
105
8232
1748
5818
856
9509
3493
2585
5423
6483
8725
6137
8260
6115
8747
3389
9656
1446
6569
1318
6503
1453
885
2963
4644
696
6656
7229
7171
1753
9741
9385
158
4617
9863
979
3372
1884
1110
3066
9811
8847
1361
2568
8565
3304
5709
448
494
3613
5455
3289
9096
8580
6829
4158
2577
6399
4570
1134
1598
7211
1643
1674
2797
2231
7075
1164
8508
8499
3264
2760
4988
7291
3857
1935
3822
5635
9813
8349
5487
5114
7558
3787
3184
5474
7225
7715
9610
3052
3898
422
1652
3305
8102
8859
405
4696
3655
8989
6289
2271
5742
924
3037
3016
9296
3017
7943
6191
996
7329
8041
3674
8926
4650
2296
831
9118
5517
8292
5334
6452
8486
7361
8271
2736
9809
5327
5969
8930
5770
9245
9860
9331
8509
4051
7247
2638
82
5521
5572
1609
6625
663
3139
8086
9739
2664
7367
4625
9885
7294
9240
7190
6557
6955
6126
9529
7079
4507
7070
5878
6381
2965
1016
9195
4322
7095
8516
5592
5477
2050
1636
8023
3699
1625
3403
9705
28
4320
6560
5914
1184
541
5091
6704
4940
5157
4079
1023
2544
3098
2739
9943
6570
3694
2849
8680
8556
3295
8147
8002
8228
8477
4440
3938
9926
8775
4916
2232
5413
8572
6654
7121
3259
7891
2851
2159
3382
3517
9258
385
5420
5565
9559
6628
814
5553
7034
9636
3322
2279
983
5819
7449
747
8090
1742
1011
4143
9613
9061
9270
9650
605
7910
8214
3675
6271
7791
4262
6822
6230
2552
1727
1511
6776
2005
9543
4085
8370
4137
3143
4082
1140
913
2533
4657
8513
182
887
362
5283
8601
6741
219
3503
6130
3436
1149
7509
6473
4173
2776
1656
3003
3234
9477
1501
3982
3138
1678
6408
8124
8907
4799
2485
1442
4292
8768
7947
7754
8524
1350
1335
654
1116
2964
1068
8944
8050
8245
7503
1369
7013
3554
3426
6543
6853
1293
3748
1020
980
173
5957
5645
1550
7133
6686
6344
8850
3890
1482
3589
8538
7749
3084
3736
2499
8231
2765
9516
9047
3726
5215
4811
9599
5871
3500
1419
1638
624
8641
9785
9551
9571
9263
9717
3867
5306
164
7354
6660
4820
9269
4243
9443
9881
6262
1547
5236
7492
5032
8307
106
3786
4678
2382
266
9869
6360
8887
6521
4942
2344
6727
29
190
5536
4610
1043
1138
9374
9090
6892
415
9527
3308
4878
5138
7832
5588
4020
6780
6791
7064
2300
5546
320
2997
9504
662
6390
879
5719
7885
9955
314
30
5292
1969
9433
3094
5923
6000
736
1510
1021
4344
1245
1747
3994
4511
7927
7261
2155
7973
1773
2380
5983
4428
1769
7281
6079
9838
8405
9334
4183
3710
7381
5955
3546
3345
884
6078
8977
4508
1483
3900
7302
5880
9168
2538
4124
1970
4776
3281
3749
8387
4795
591
8337
5973
2123
5053
3271
9236
6746
9003
2325
3875
1367
6860
5951
5177
5037
7523
9298
5675
2653
9945
298
7127
5508
968
1190
9021
638
4221
8132
2794
8557
7850
826
8414
1546
1466
9967
6724
1057
2840
9530
973
8290
6864
8142
3498
1444
5518
4528
5758
863
7004
5893
4793
124
473
9408
1798
650
8831
2796
96
62
6774
9266
3314
489
7964
6874
2968
1029
5917
4431
1716
7684
2004
8357
8419
7637
9565
3269
265
213
8935
9966
7346
3921
9900
6850
2926
7573
2655
5671
6023
7820
740
9666
7713
4537
1945
6222
5347
589
7825
3610
4117
1237
7085
2057
4716
710
6065
8946
7967
3920
9690
4343
1458
5701
835
688
2321
8330
2539
8426
6033
1774
2800
9115
4703
8385
1701
820
8196
8096
3848
1172
7782
2738
1244
9696
2205
237
3302
3601
9511
1694
5702
6697
4303
4775
845
8445
3548
172
6121
1960
3677
4675
4895
4535
3712
8323
9345
1348
2518
3117
9073
2125
5141
7924
7580
3778
7425
3248
3130
8127
9924
1515
2781
3086
9805
1531
3585
3510
4699
560
7586
3807
2593
4835
9359
6395
7413
84
3910
1377
3486
9526
2401
290
6112
3121
4400
1861
55
7117
1702
1953
5398
2144
7033
3034
2925
2389
8038
2377
4645
2987
1992
9319
9407
125
9393
5493
7459
2278
4764
7688
7764
5274
2072
2768
1856
2677
607
3863
4908
3886
37
1311
3590
4844
323
3883
5112
6107
4967
3286
7568
8212
1345
6404
3075
8035
1480
5001
7136
8701
26
1179
4735
6624
4576
8194
101
2412
1378
4718
6631
5686
5368
5930
3706
4873
8160
5418
4484
4127
9026
3327
1869
4327
8325
3425
824
3093
1310
6643
1823
9081
7327
8442
6160
4708
1263
3526
5117
4080
7735
8429
8630
4969
6429
5589
1146
6798
8249
81
2983
7676
7999
8119
3907
7262
870
780
1605
962
5525
3977
8425
7397
1314
195
7251
8802
3567
5227
8190
2532
3874
6895
3192
4586
6493
4876
832
9426
4331
5654
763
4961
4050
2343
8217
6878
9206
9325
8619
6978
9192
5669
4277
243
3135
8434
2014
4380
726
5982
7625
5544
2625
712
6884
2937
204
5920
7006
1863
3568
5075
4730
3159
1728
6243
1327
4337
1303
1835
3868
7608
4058
9774
9931
8246
8690
5052
4459
4346
7731
9548
7658
570
3536
1259
6414
1394
9508
2740
6204
8691
8188
1473
2812
6094
4966
8178
2535
8121
7709
9789
4310
4087
9221
8226
8201
6176
1388
1705
5706
5342
3063
4877
1586
7873
9816
7515
2223
1595
5620
9590
3009
1544
179
7463
8238
1452
3779
8950
3951
4401
7974
9750
745
7661
429
9573
1401
1249
2869
505
2557
4952
4582
7770
3888
6031
9939
9948
4407
7584
1672
1115
1218
7286
1612
8745
9187
3223
4074
6904
9592
5199
2103
907
7886
680
2779
953
201
647
4600
9058
2091
551
8703
1341
1135
2607
992
23
5874
6043
741
1563
8627
6752
8268
7793
8587
2906
8262
561
812
9759
2847
4349
6910
9583
965
8019
9894
5795
7369
1832
9954
1624
3784
3628
4470
9314
2
2186
8919
5170
6389
4674
6877
842
2891
8639
6082
3379
5179
1284
2581
2333
776
3422
3097
5056
9429
9672
9320
9288
6513
1584
7944
153
322
7170
5080
7046
1518
3679
641
9867
9134
5954
8664
1305
1291
6322
8356
3607
8731
9006
4627
1054
414
7054
6550
6377
7585
49
9210
6779
2093
2777
331
3449
7280
1199
8578
4879
1129
7472
4561
329
2037
2137
4458
2297
7081
7852
5623
512
3752
4418
113
4290
9912
9014
2786
950
6415
259
1415
6510
7100
3649
102
4166
9382
9602
6315
1892
7474
5550
2416
5165
7742
9861
784
7950
6037
2815
9814
8126
1413
750
9130
6733
480
6531
3871
1280
9969
5898
5015
684
1058
9654
6587
2681
7275
2750
7520
2095
4036
6053
9919
3316
2513
3799
4391
7985
3461
7307
7167
9158
557
2055
4083
2402
2114
14
5140
7172
9110
3219
4485
9405
2705
7412
6329
8819
4514
9481
7859
7534
2689
1265
8753
2936
6089
7230
6470
8365
8247
4725
375
5261
1659
6481
8707
828
9692
2381
9695
3796
2145
8571
1428
5648
1422
9213
4321
3384
1824
1297
5453
5540
3992
2090
5535
7223
5281
2136
4468
7561
8473
1540
5155
4763
9761
9660
9584
2590
9271
3230
9714
1169
4271
98
827
7348
5175
4041
7149
4123
6665
8464
1778
9746
4132
7246
70
325
9010
2749
4813
5836
8732
9779
5661
1086
1607
5266
2163
4913
356
3767
865
6153
5554
2567
5069
5030
590
7779
1477
5720
44
7195
141
1628
1046
1183
1346
9078
2818
8211
1685
3731
2827
4171
1603
4757
6677
6828
7840
8295
285
2184
1976
1775
6256
8173
9478
1344
3980
4094
9080
7594
1227
7014
3819
1399
7253
7960
7228
3015
7401
944
4894
4954
8980
7610
7513
2620
3014
71
7552
7884
1209
6611
3528
5850
7292
984
4608
6633
3944
897
447
267
7970
5125
4317
1761
3639
675
4796
2632
8962
6216
9125
851
2673
5463
8796
5782
1281
6925
754
8495
7358
3282
4842
5612
3652
4248
223
4242
2177
7525
9386
1385
9985
7496
4606
5098
7702
9066
4862
2229
3561
4910
3806
1526
5739
9722
6060
2744
7858
9684
5853
6996
6368
1101
2169
9619
2201
9165
4723
6143
5293
5185
1170
7544
7124
6852
9988
9012
2038
7535
9677
4405
4122
7416
1651
3237
7461
6599
2209
7444
3893
5657
3263
5188
2418
6179
365
5530
6974
4037
6923
8443
9157
4554
5182
8500
7198
8302
3995
8583
9086
8192
2387
1691
1556
9201
5431
978
9659
7846
8730
142
8885
7769
54
6145
3383
1883
8539
9363
5547
544
9077
9415
6979
8710
6893
8522
6158
7389
404
761
4141
706
8958
3617
6770
8285
4454
1243
8317
8681
6244
6668
3552
676
9143
446
9215
493
5389
6021
1658
345
9146
1706
8711
4690
9832
6508
9730
2372
5387
6759
8164
7043
6777
1266
823
3002
720
8022
9457
2923
7200
9009
9224
3724
1670
4983
1908
5131
9500
5907
5901
1789
3399
6832
4733
2506
2957
3222
7239
3102
6485
3690
1292
6514
5442
6721
7242
9193
7855
7434
918
2594
2482
1631
1601
3212
5762
1919
9208
3750
3434
5214
1891
3904
1120
6933
3456
937
6362
8114
3572
7377
3558
3716
9369
1290
637
1703
974
3847
6917
8266
2268
6738
9824
9947
1376
4584
4240
4901
9079
9239
846
8517
9490
3374
6349
8416
7019
9987
8472
9465
6394
8936
722
6744
1816
7678
1905
4421
340
9182
4460
6371
639
6430
2327
7701
5054
942
9291
6678
9141
8287
2180
9737
3270
8739
24
9704
5549
93
7220
6999
1574
1615
2414
4830
3747
3667
7120
5083
743
8726
2021
1838
6641
7483
9514
167
5499
5422
2757
9609
3551
6386
4389
4341
9585
9451
8569
6275
5207
2806
4944
7114
7621
5086
9190
8360
6319
3158
1302
7664
5462
3688
6413
2079
162
1629
5977
9268
5734
1553
5209
7089
5786
6388
3687
834
3813
7254
1839
4286
428
986
4848
5108
7834
6335
4446
4738
3432
6409
7996
4071
9052
3728
9091
7667
4585
3054
868
2018
1665
3027
3405
1343
5222
8791
7330
7738
7258
7598
8000
3880
5855
2802
7486
6662
6947
8828
2305
6948
8595
4881
9880
911
6254
681
715
5385
9587
3522
5251
5767
1045
4720
5039
3029
4631
4670
564
6835
4466
7980
9135
7410
7966
6283
6374
9001
6125
4593
80
4333
3754
8274
4128
2733
411
8400
2662
4681
3729
6358
3385
9960
3439
3737
187
1301
3683
4247
5198
6076
8708
5900
4256
5908
2458
5531
9375
9232
7861
9855
6496
7326
6960
4191
8277
7597
5136
8512
2384
6011
8915
1684
4880
5503
606
7071
6765
7675
2770
3010
5854
5660
6184
2110
2316
9361
3575
8457
886
6739
8836
2332
6629
9156
7643
2150
9562
9472
9220
6353
9941
9806
4875
1060
5971
9264
4860
5609
2089
4486
6063
3730
5186
9765
2464
2066
2289
1668
281
6881
5465
3257
426
2324
5128
4076
5424
8283
2432
3317
156
874
4834
6359
1653
377
2238
9522
1879
2782
4100
1597
7923
7915
1351
8017
8489
8678
8248
7305
2376
6003
6745
5034
2028
7113
4611
8318
2364
981
6294
8844
9798
1564
3960
7898
3672
2262
8339
7191
8275
4161
3463
6841
4159
1411
5151
6722
2226
6417
898
5090
5984
2124
8752
844
8815
7983
4655
8998
1557
3373
3190
4194
9547
1958
7928
5099
6448
1465
1397
2720
4945
9419
9488
1640
2481
6730
1434
197
8529
2873
7593
8800
103
8048
8993
8575
6491
6108
5378
5213
1306
4148
8039
6795
5260
9719
6823
3227
521
5808
1736
2950
9644
6207
1915
4368
9679
1063
5328
8951
1782
3000
2142
4698
8079
2921
5777
2438
3818
830
6051
6983
4744
3764
9904
1579
9791
2146
4014
2938
1951
8883
5047
3685
8433
1161
6661
3514
6950
6732
3534
9757
6383
3414
5350
6370
3768
9336
9512
4694
3593
9095
4565
7862
5369
6268
7784
3349
8222
6664
9801
3481
8723
2634
1947
5799
8329
7451
1018
1278
3956
8153
8597
8148
7011
2967
1211
2979
6600
3609
901
4557
240
3751
1233
1933
4656
7611
1848
7757
8209
7017
5371
943
6427
3631
7716
9908
6525
4513
2437
42
4077
5116
5324
1408
2369
9494
8379
5529
8150
5211
4396
6116
9736
7576
1925
1981
1836
7577
1873
4109
3823
3177
3228
7289
1267
8230
8027
7045
5220
6863
7126
9792
3573
2835
6576
8795
25
8198
1840
1352
1812
3107
1372
6017
4524
1509
7906
2151
7802
9422
6700
2092
3637
5362
4120
1191
6444
3485
3936
6751
7417
2580
7984
8783
6128
3563
5388
1109
1364
635
7767
1165
8236
527
598
6976
2313
5021
5670
7480
2436
3735
923
4282
9903
5791
1909
3353
5712
358
5352
3827
3303
3981
3571
2016
3919
2330
3291
5639
8453
9103
9735
4519
8855
5813
1896
5591
7157
2216
5784
7469
2583
352
6434
9194
8566
6610
1737
893
392
6287
4441
4722
449
9517
6375
5346
2745
9136
5304
6270
3789
9977
4639
500
8820
7729
1213
3067
3335
6133
7771
5496
9352
5811
8252
5869
7028
394
9463
6912
5397
9822
7487
6456
5370
3087
2741
6261
61
2838
7759
7137
4089
8996
3997
6016
3906
2920
2885
4903
1646
575
7439
866
2191
8974
1143
3521
6761
3707
5440
4829
8655
9906
6816
6646
9989
8960
1804
5989
3488
668
9870
9376
6785
7977
8920
3268
160
6117
4047
985
3704
873
1895
1777
5946
3918
6799
3945
4797
3934
2365
8848
3740
8098
6131
5382
2961
3545
318
602
9883
599
2524
4270
5666
5785
2403
6655
3163
1121
6468
3556
6520
2717
1560
2230
8123
9890
860
604
5838
6119
3830
3780
8816
5277
2892
7331
601
8391
8717
6326
8276
6402
6683
7395
8291
3099
4408
3236
6879
4129
9910
6958
3513
1790
5980
9179
3742
7532
9588
2009
2612
1523
8661
1499
3417
4003
2667
6538
6957
5626
301
4398
5464
2490
2386
3330
633
1009
2385
8403
4539
3366
3457
7186
1141
522
698
2263
9186
9099
9686
418
7338
5218
5829
4402
2868
3990
2460
1937
7078
7773
2540
7350
8616
1910
4412
6102
4130
2224
9641
8534
7183
6682
8296
9698
3555
6601
1362
7199
6908
9148
8670
2356
6891
2484
3666
9151
3839
3096
1938
7761
6419
1127
4491
1431
7343
7182
1175
2693
9364
3741
9
8934
3445
3861
4018
5134
4702
5542
7733
9841
1814
6111
1986
1819
2699
7780
4745
2825
6471
1454
6258
5451
2814
1107
2417
3603
2322
4300
4205
3080
7691
7790
7711
83
2358
8157
344
4295
2525
9122
8506
1720
5480
8683
1373
3338
5607
1171
9138
7279
4624
2880
6504
4068
1013
6553
8777
6748
2266
4534
85
9150
4551
6239
8677
5800
7009
5857
2998
9572
9085
8037
1040
3512
8629
7288
6539
6295
4266
6341
2678
292
6001
307
2270
2204
3834
1717
813
3444
8523
230
8610
840
3007
6447
4059
7388
3106
699
8151
9887
902
8015
6636
282
4854
603
2215
1288
6784
5129
970
8756
5533
3008
9350
6026
4393
7940
6437
1423
8313
597
5899
3529
689
8309
9368
4385
5583
6801
8073
9982
1619
6971
7795
6532
3112
5119
7741
299
857
1451
2952
2570
8456
4785
2571
9667
4714
6364
2491
1618
1852
5787
8040
7203
6551
8693
1617
9649
2927
3841
5000
9170
9131
4861
1680
3580
5336
7632
2222
8898
1661
6213
9285
8785
9804
7863
4866
7878
6880
5916
6905
3254
3837
2918
5936
1438
8581
6830
7607
7538
9484
4928
645
2273
4710
2898
6548
1447
9877
234
7567
2446
6758
9975
4371
687
8579
7132
5998
1030
9773
1468
3908
3592
4808
8075
1028
1794
2046
4978
9280
2941
6702
7844
6577
3051
7836
1497
8737
1818
200
4779
5049
9515
5190
7656
8891
8568
2049
6196
5522
9315
9016
7704
8227
2962
9971
2746
9469
1275
7060
5721
628
8316
3541
3632
4253
8779
2859
7197
9404
6101
1549
5356
614
4198
8646
7657
3523
8168
4791
2008
3701
969
5333
3398
4984
7424
6040
1439
2214
1403
9247
1921
2621
9540
4531
5945
9211
7038
5208
2551
3663
2703
5074
3443
4211
3478
5902
3583
3633
21
368
32
9911
2642
9831
8410
1131
1786
558
2723
1614
8985
6885
1210
7613
8875
1870
1527
7479
899
4464
4500
9777
9305
8155
6346
3721
8393
349
5221
9990
695
3044
945
8468
5823
3296
1027
9234
7016
555
632
2748
8991
2609
4543
586
4369
7772
7571
4822
6673
1907
6068
7740
7975
644
5
861
9360
1177
3821
2132
8312
1457
8045
9019
4444
9795
1492
7670
6212
7890
2348
8386
6002
4994
6836
8662
6941
4889
1239
7651
7318
2876
7321
8135
8407
7880
5710
8487
5571
9938
9823
7403
1145
7902
6069
1585
5321
9628
3587
2853
8378
5577
5890
4197
4216
4572
5312
1279
9946
7896
2903
41
4061
3905
9534
7992
5774
1099
3566
2259
2766
3065
8315
2669
4926
206
3858
5050
5013
9154
251
2897
7104
8166
92
800
8812
3753
5273
1347
6870
2277
7882
2747
2479
4923
8770
5610
6464
5255
8284
1359
8491
3193
435
692
3654
4647
1128
425
6757
8956
3774
3692
6095
5805
2697
4066
5316
1929
6839
5637
6793
9940
1113
7603
1061
4200
376
5219
9391
1718
3041
2156
8175
7707
9227
1533
3344
8903
3149
6649
4917
839
8346
9062
8256
1049
5965
4231
4457
8746
5687
56
6867
2246
1181
3301
9498
6136
7471
2471
3916
1005
1517
2128
116
3377
2117
2340
8596
6986
5603
4433
5323
1860
8992
4594
186
9697
9055
1811
3579
1641
5830
2654
8924
2791
4264
5564
1370
4065
6875
8053
1621
7174
7957
5491
2597
5586
1999
3241
3686
5494
1481
9568
8149
1256
583
4363
6022
499
3745
327
8371
9356
2727
1828
3876
6062
8061
6915
5755
357
2265
2974
6490
829
3100
4897
2755
3808
4473
7953
1899
3070
9979
9923
8058
3371
7744
5279
9155
1984
883
5760
7202
903
5245
5203
5981
496
6771
491
7650
154
2043
6327
417
3634
2225
3047
620
4425
882
2871
9600
6472
5896
5302
202
1928
571
4989
2281
3035
8042
9889
6451
9944
3872
8143
2527
7457
8450
9693
5694
8741
8971
97
8605
9605
4010
5790
6734
8563
714
3252
4049
5650
5259
2985
9333
2829
8301
1622
6229
8713
8046
8574
5449
7363
4142
5988
497
552
1166
8454
7879
4095
5489
4008
2065
5851
9358
8702
2424
8656
7804
3352
1831
5574
5796
5651
6711
4665
3156
954
1025
5414
3991
8033
2467
8294
5932
9306
226
2031
2347
6834
9057
806
9329
3315
6817
3664
1096
7115
6814
8612
3840
2198
5386
2989
1611
9159
8043
424
3805
6348
3053
2726
1185
2341
7219
7819
2190
1274
3103
9231
2062
4740
9007
9531
6384
7256
5958
6573
5191
335
2320
3340
9744
5230
3412
1572
1524
5915
6526
2830
3661
7441
2956
2354
2489
4252
4376
347
9273
4149
7194
5749
2631
4178
8510
3198
7692
7370
1751
3608
9593
466
957
1212
6666
7723
4498
9492
5189
7930
4356
5865
9242
2077
7636
8438
8116
7506
35
9648
8125
1464
9229
1083
4956
810
526
7210
3393
3758
6090
625
5202
3189
9428
790
8893
8945
4614
4053
8911
4033
8948
9297
3615
3604
4097
1760
530
6786
4898
1418
3987
9279
8659
7831
658
9459
1982
2444
877
2292
3535
9243
6516
3550
2176
2771
7842
8239
9397
9497
3199
1872
7478
8361
8492
1871
1168
7718
3368
8781
7592
3467
3085
2850
3933
7447
7236
5238
5286
7080
6132
9796
4749
2391
8503
305
185
8984
4294
3165
8014
4691
4804
8047
9056
7076
4679
5444
4931
5079
3253
2548
1890
7375
5497
6575
3004
3591
9815
3776
2237
3162
4602
263
5715
520
8548
5257
667
4620
3515
5653
8462
7355
649
2622
3645
922
9140
4119
8165
1087
1788
1632
5568
5815
7652
7689
4213
3791
9850
4434
275
6421
9309
6981
4225
7553
9706
8003
8202
7234
6937
2269
7976
7798
5109
9922
5297
4847
1700
1931
6607
5705
4605
5031
9871
5303
3913
5812
3006
2517
2423
8873
5883
3642
5262
7112
3307
2648
1943
4184
9461
925
8622
9614
5065
5802
1722
7642
3619
9070
7249
8485
9839
3428
9712
5067
6769
1072
2855
795
2616
5832
5507
6436
5761
6015
9629
334
6807
1956
8864
5974
4175
5196
6962
2359
4031
2564
6086
1006
3381
9412
3932
2199
7700
5459
1386
5359
1731
4263
5085
2795
9357
7333
6659
3812
152
1893
7308
3625
3853
9895
6887
6966
1449
3298
9787
8504
221
2841
2221
8303
4164
4529
6219
7547
6223
9756
7935
3588
4016
6193
2140
7345
1332
1878
1158
1387
519
9618
495
7173
9575
8718
6178
588
572
7677
5018
7409
889
8185
6113
4289
7216
4580
7165
8072
958
735
3168
2329
399
3954
5680
3660
9624
5942
3455
3914
4269
5788
1529
4773
5051
6185
3775
5642
5625
3328
4845
8224
515
8189
6238
3917
3815
6162
2337
1687
3174
5606
6897
3851
8502
7719
9209
6331
6831
9292
5045
4970
4643
2915
5206
8615
1962
4449
453
9177
4754
2666
5265
4972
2600
9435
6512
6773
2626
1490
1669
6030
6198
3479
3596
1445
5291
7792
9335
1093
9204
5430
6672
205
2254
8963
95
7662
1575
4055
5856
8251
9556
6135
9843
506
7175
4379
3855
1535
8858
3507
3404
6613
6210
2877
2255
5043
6766
4204
7426
6900
5078
1829
510
8156
7990
894
4727
6894
4893
1358
4689
2276
2126
8868
7993
9454
6220
2816
2954
1707
75
9173
8331
2362
7687
9532
9909
5126
3450
772
4112
2679
7185
4040
9976
6454
9013
9501
66
5445
5780
5534
7018
3657
4416
5870
2670
2730
5101
5355
9953
4042
1882
1236
3453
5318
5779
9054
543
5380
1858
2331
130
805
4465
8968
4250
7430
2560
6612
6018
4767
1147
1902
5076
7926
7222
2605
673
2064
905
4987
3246
188
1590
1695
4688
3046
5124
2900
1167
3442
4387
5956
6549
8932
7181
746
5162
6989
8111
8714
2854
4390
110
8461
7067
9446
910
7088
247
4809
2309
9578
6042
5412
7205
1874
1400
5217
2390
4684
2929
4503
5975
9102
3606
9891
6347
6392
7959
2260
1126
8097
7164
1949
6606
6263
4783
6695
4501
4771
3088
9848
9228
850
3878
7892
6290
6726
7845
5636
5928
7322
2643
3845
1186
4818
9366
514
8799
2419
2722
4661
2928
5906
324
4865
5668
6192
4056
7443
1889
9864
3931
8643
4642
4863
5663
1234
2649
7817
1538
7776
4497
2887
2519
39
4493
4953
6827
1709
4039
3940
1337
2542
5166
5765
2586
1070
6075
430
4959
4667
6067
2053
3294
8219
4147
9620
228
7941
9116
3369
8172
3181
4856
5406
5697
6267
433
8857
3187
3166
354
198
291
9754
2884
9554
2172
7630
3793
3208
3578
1781
8207
6939
176
7145
3957
5111
5953
4985
4960
2872
3441
5248
4943
4750
7574
5340
9172
8902
7596
778
6038
9546
1741
9485
9733
140
9687
2904
7269
1732
9920
1272
1253
8792
9276
3218
7106
171
8390
5732
3331
5622
5922
9388
2742
2702
7954
4882
4306
6597
1320
8748
2314
7634
8288
653
78
2694
1606
8682
4249
477
8091
7266
2130
4786
262
7485
6123
5931
4281
123
7128
643
6742
6717
3598
9304
9545
3408
8692
6083
6918
2044
245
7549
7569
8210
1989
7824
1037
7925
5490
8024
3025
9640
9152
4035
5595
6901
7398
2901
6387
7176
5193
3714
3161
744
5060
2342
8861
8108
1441
4784
8324
3394
7396
1339
9825
4603
6281
3459
5548
8591
4238
6072
6775
6259
481
3278
6286
2511
6156
5325
1592
8084
336
3695
8074
8300
3682
4566
1571
4307
4378
5985
9983
8856
6129
5594
7681
3038
3826
5539
2639
9200
9942
1959
554
2944
6225
2295
2469
4890
7833
2734
7495
9323
7057
7932
7315
1555
3846
8351
6598
2514
2200
6764
6572
4293
9043
6232
1886
5353
4601
7916
2272
8068
1133
3247
4581
409
5433
9621
279
8955
2212
1855
6800
7901
7063
8810
2975
1242
7466
27
1580
9886
277
4525
5643
6463
8057
9188
5103
5677
9560
6302
2129
1758
6705
8129
1801
7179
475
1103
2575
989
737
2228
7905
9913
3191
9092
2498
660
1866
390
6181
2081
3113
3506
2013
7433
135
5743
7721
386
5570
8842
6618
4299
2737
4852
8412
249
8413
2556
8531
2207
4004
2488
3134
5223
6147
8943
4641
5377
1608
815
1316
8364
939
734
8888
4947
3491
8051
9724
6361
1998
3644
3195
151
703
8063
6674
3670
5810
9680
4392
4139
8738
8144
1991
9278
919
5023
1188
3433
4930
9398
1268
2867
233
2773
5068
3923
6445
4883
144
3527
1783
2820
7727
5133
2363
9065
1930
9225
6805
6356
2858
1645
7706
4131
5967
5605
6253
6425
4772
4093
6648
8519
6581
2465
4510
6211
3148
9694
9029
7519
691
8056
2107
9106
8029
3727
1396
311
8927
9669
242
3454
8806
1283
5655
1972
2247
8120
9005
3283
2759
9645
8620
7039
5806
7951
6195
3396
8016
38
1793
9250
7325
4939
9845
9341
109
3915
4597
6693
5396
5817
1273
5726
1198
3318
7872
7722
6164
5939
5172
3928
5100
7386
6743
4909
9053
3511
9764
2274
8122
8636
36
6407
5944
7000
8829
6637
797
2716
5601
3332
9673
2195
8286
9579
7241
6694
7065
7752
3974
6942
2179
8826
4088
758
6847
8614
444
3557
9493
9354
9715
7339
1877
8253
8382
8882
3650
3800
7313
1806
9370
5545
4062
4579
8392
9294
215
9507
7420
7435
5012
6527
1338
5729
2054
3147
2094
8229
1252
1201
3167
434
3638
3082
7639
8814
2435
5205
6934
9381
4411
2183
8994
3078
9683
3342
7808
5960
8139
3869
5033
1743
9197
3717
1844
6236
1723
536
4992
5084
2101
2346
3468
8813
2916
5520
9108
8541
8171
7427
7624
7368
9564
7627
5872
9217
8884
5102
474
6484
3966
5335
1229
4278
915
8136
4821
2060
6209
1576
9844
8668
8942
5708
9417
5771
6247
5016
1613
4542
6168
4011
6762
8889
1797
2411
6321
6297
4512
7803
7551
7645
4273
9851
5752
573
8913
4448
7781
6088
3045
5269
3170
5608
1223
196
523
3446
2966
4315
8216
5307
9718
4054
248
4635
8289
936
5064
6968
7897
8138
6658
6432
5814
9797
3172
8225
6792
1940
2211
3708
5229
149
9293
6680
7590
3311
6547
2162
1195
4850
272
5747
1923
1085
7151
7248
4851
1688
3669
4971
3978
9471
6332
450
6177
1802
9104
6008
2993
133
6379
941
6714
5600
8663
278
8159
7876
9549
2174
752
5628
9355
4900
1941
3069
6932
891
9413
1476
2429
8978
9339
7969
468
3188
3060
5044
5082
8490
9112
8599
5024
8697
4494
7807
2690
1238
5228
5057
2078
74
8901
7141
4664
5145
440
2475
1539
4663
6507
52
1104
502
8055
9727
4685
6412
1124
1627
6602
6713
3903
7324
256
9379
3209
1430
3525
3221
7989
2684
783
1296
2236
990
7188
9598
5987
6505
1484
7565
8009
6151
9467
5824
3912
9089
4872
2959
5996
4766
8964
2780
9223
8549
524
6085
2731
7839
8849
816
6644
2112
5711
442
6311
2888
6857
4245
3586
5700
9347
7526
4516
2096
9973
7215
4265
847
2848
77
5619
4399
9557
2778
9968
1047
4472
5717
5178
2558
8665
7240
3835
373
5058
3355
4168
4673
7512
7090
6020
4938
5027
8006
396
9808
825
9986
4891
4925
7109
8728
2167
4353
16
7881
7378
6324
4151
8965
2456
9037
192
4052
3472
4633
8877
4963
4906
3709
6202
1082
3820
7093
2712
4919
4888
8837
8440
3757
2188
6924
4060
1516
3440
1469
1328
4309
6059
2973
6495
7867
6363
1336
5366
5826
4726
9626
1545
1309
4362
1916
9962
7098
4962
7334
8734
2415
5148
1880
8452
6138
9392
7462
7539
4078
8866
364
8282
7306
4134
8088
2584
7606
4469
618
3358
719
7843
2396
6373
9436
3884
2241
9184
701
7797
7786
6911
8589
539
4530
6288
4285
1733
4383
5678
6284
4436
2992
1927
2067
6988
2574
4386
9380
5935
6330
5121
3955
193
2302
91
6916
4571
3656
671
2792
9959
7250
4496
8261
3179
4506
8511
6208
730
7745
796
7407
9617
9403
9701
704
6354
1326
2250
472
9916
3962
5240
1022
2637
5192
8137
998
9703
2257
3354
4756
6849
5789
5008
9670
765
419
888
127
2280
3411
2899
2133
6097
4025
4106
3072
956
8005
6411
9383
5748
9367
8761
1215
145
5127
8397
3864
2823
3031
3700
5532
9399
2352
8348
6946
1235
7979
8740
8281
4009
875
914
8496
9849
9124
2774
9299
9416
8327
2397
6886
3782
5485
8345
6530
9324
1066
2454
7087
1176
231
3627
1842
6729
723
4214
7978
1289
8925
456
3922
283
6233
7758
1159
501
5200
2647
9949
1796
7920
6453
5315
848
6949
6952
257
9109
2971
2084
1203
5476
4732
8767
6574
7560
6393
8298
2407
6251
6351
9996
1681
1334
9387
2922
869
2350
1512
8483
9661
7555
7051
4101
6546
8624
6541
4302
7955
5232
3584
6679
45
5803
4190
4246
2349
9608
6214
3891
483
799
7180
8543
3600
7184
9793
1071
9011
9582
2036
3142
3375
4621
486
3697
1768
132
3312
7811
631
3924
8526
1202
2185
4339
8263
678
8480
1946
2202
709
5722
6190
4370
993
9166
9437
7710
5364
8860
9008
9597
294
4787
8764
2935
1154
5840
6032
4765
6418
8840
713
5357
5775
6632
9820
2308
2822
3635
180
7631
4853
9963
7224
9088
2047
4424
6066
6992
8220
6564
8521
8366
6183
9039
11
4843
9282
7274
7605
5452
3537
6630
2658
7912
6824
6684
2785
2896
7663
8841
463
4193
2629
174
5007
139
1642
5040
5744
3462
5691
3771
6876
3261
2523
5107
1189
7874
3090
9857
5244
273
8654
1226
6707
7522
7499
339
1258
6635
8576
5696
5399
7310
3480
5632
1295
2996
5469
7602
241
2339
5927
7155
3119
532
2706
7024
4777
1325
4887
4828
2245
2624
9105
9710
7168
5638
2139
9646
5615
9253
2644
403
508
1854
1955
2421
4532
7129
9327
6639
7595
1254
498
1534
2573
8280
1913
2933
4609
5427
4135
8206
1749
513
1898
5567
4558
178
2141
1554
9041
4536
5171
9145
2394
2955
1961
3543
6385
1983
9603
8766
2988
2153
2217
6811
5733
9083
4973
4648
3299
236
3438
4153
4314
452
8749
3532
896
1044
1100
117
3427
7556
6098
9601
5690
3220
7206
4490
9896
6140
1173
9872
309
8750
155
6837
8469
6350
2615
732
3204
9439
3326
8698
819
9068
7356
6180
8083
1051
2166
5404
7020
793
406
2393
5495
1729
9171
9523
685
9409
3032
9406
7997
2466
2495
5895
4103
4907
7035
9237
1654
9541
6064
2106
9128
7052
8174
7531
4874
9899
6248
1329
8666
938
2986
2836
3367
2908
4220
6194
6007
8010
5026
9491
7252
8637
5152
5298
5766
6161
4351
427
8004
3287
781
9330
1988
4222
4417
7981
7074
5699
609
9025
9984
2969
1491
3194
1495
9450
6919
3081
5448
7484
1420
7475
146
3804
5566
3897
2547
8141
4350
1950
8026
6166
2413
8776
5492
4177
5672
2708
7909
9651
1000
250
4187
8077
4998
2617
2326
1088
7900
3733
8892
4254
7638
8475
8675
3160
6257
1031
6070
4502
343
7566
7826
4911
503
7799
6338
3484
328
6638
4545
9123
2633
5106
7041
6039
6873
6074
1655
1407
5846
8771
1939
1865
7730
2947
8169
7708
6155
3157
9865
8635
9538
6993
4589
479
3648
6690
5367
5092
1393
1917
3487
359
9045
2576
1182
6589
319
1097
5169
6789
2555
9046
3079
1911
5094
9888
5868
4145
165
6120
2019
9431
1207
8774
7841
372
1759
3972
9318
3797
9799
3976
8163
3530
6515
626
3953
4855
7617
1599
1456
9604
487
2007
5727
1885
8669
4997
5820
3202
4695
8353
7364
7599
4788
9533
4904
1062
5290
8970
9000
8910
4742
3538
9625
6590
9915
2203
9607
9637
360
1354
2784
7904
728
8546
2463
4755
7214
4237
2865
5375
3469
5673
8797
9183
9198
926
3738
1699
5278
1541
287
5237
8270
7659
19
6435
8724
2171
9643
8244
253
5646
3111
7418
191
9444
3516
8369
567
6224
6440
8430
7680
854
8334
1478
439
8213
6325
9438
378
3711
1536
6556
6401
4451
9623
5792
9721
4155
5633
9214
6914
8488
5246
2430
9290
7148
7649
3420
3618
3746
4666
7217
1715
68
7221
2426
1180
2366
6749
7130
7159
2461
6469
6708
7432
4781
2476
4741
4950
1136
3941
7497
3565
2728
5991
9711
4871
2522
239
2440
3576
2052
2059
9566
5682
966
1371
6488
4260
8772
8870
8025
7456
4792
1390
120
9460
5479
3489
7854
2148
8326
5624
6024
2220
8577
2290
6945
9775
2335
6669
5144
5950
8825
8969
4081
5861
4981
6719
175
3363
9219
3055
9854
90
8573
4357
8089
5809
9139
1467
6273
7498
5723
946
5978
8689
9961
4737
7336
739
8973
4328
9780
4326
1493
4616
9162
2196
977
8818
7774
5943
1094
1673
8553
6139
5241
3985
5617
871
114
1118
1542
4375
7360
6940
4000
7865
5822
5270
5801
3671
2051
5059
4224
5514
9199
9464
4902
4423
880
412
5783
3416
6561
1558
6498
7299
2529
17
2976
3124
2450
8634
6519
1433
7728
2671
1568
7030
3984
6698
7268
9678
4870
4937
99
5314
7965
5997
7015
6524
4179
9410
312
3458
2283
9028
7991
8305
7026
9456
8757
224
9449
3802
1098
1712
8809
9496
5718
1648
2120
5296
7073
1119
9238
6492
7208
2111
7717
6087
4244
379
8674
9287
3494
9729
5036
1074
4515
5118
1015
4626
757
2026
7118
7296
8879
43
4136
9652
3930
843
2080
6592
5579
3986
1730
3881
3132
8602
9691
6052
1270
4291
9004
7619
7481
2035
6047
2267
9991
549
7284
4812
7527
6622
8758
872
616
5354
9716
5174
7521
4479
5268
8906
7372
3594
5725
2405
7312
7097
7442
2492
8532
34
8533
6783
5757
9569
8455
8649
7298
445
6696
7623
4426
2894
7379
7476
8411
1002
6906
9050
8807
2732
9994
7245
4858
4482
4806
9862
3360
5309
2686
6821
4015
5557
310
2882
2682
8582
7408
1846
5379
2451
1721
6141
2243
3274
3564
1657
6019
4559
9615
1312
3722
5781
8237
1144
2661
2949
8498
6813
4640
697
7445
621
2761
3213
3777
4091
8140
3947
3496
9699
13
9411
5454
4590
326
8874
8953
6627
3961
2611
8851
9455
2515
2652
4628
53
3329
6803
382
4067
2116
5821
4432
3310
5394
1683
4384
1050
6170
8773
9594
2160
8618
6555
1887
9121
454
6735
7218
849
3410
8076
959
7725
7454
4403
5263
7801
2635
3803
8085
7787
6080
4922
1932
3150
168
5538
5337
5849
398
5831
4778
4340
1671
5584
8279
5966
6562
5676
6594
4884
7047
9786
8778
7748
1142
6309
6652
2650
8128
7746
2425
4146
1901
3895
4258
8183
7092
5411
222
5146
3616
7615
3203
8030
6980
3057
4838
999
3197
8479
8651
976
5338
3756
6544
7189
785
6127
1633
2388
9164
3409
7107
5561
2371
8118
1583
5467
2315
3998
5443
4427
8241
6240
4382
8617
1012
7778
9487
5320
7040
6953
1395
3715
6154
6265
6163
8417
6844
2455
460
4360
7005
9665
3217
2545
8735
4348
5630
595
2213
8374
484
5684
3030
4562
4415
7473
4957
65
7614
6474
5363
6747
3501
1039
9033
4201
9934
2772
4410
794
8633
934
8145
5072
5473
769
8439
6691
8733
4284
3216
1757
8755
7273
1853
5300
6790
6006
4520
7392
9658
5634
10
8679
7178
9606
6167
7099
6328
4188
531
3058
3378
2696
6506
8632
9049
1920
8769
1926
5253
6278
4567
6045
2208
8415
3870
5769
9879
5486
5541
5959
1985
9818
3229
1666
4533
6410
5097
6157
5322
6615
9189
8344
9930
9218
63
7875
8184
5438
5562
3492
1767
3824
6518
895
3089
5593
9205
1019
8695
5662
2496
8525
286
3646
4573
1954
5289
3071
1152
1744
6567
2293
7391
6446
8013
657
5885
807
7864
4189
6720
3042
371
3859
2751
3435
1587
5918
5523
8545
131
2663
4463
6235
4746
2001
1521
1034
9445
6366
6420
8653
3892
8827
9928
6855
2056
7810
931
9427
3240
5233
3249
8205
4802
6588
9111
4563
2175
9709
6055
8134
3068
6250
2311
1375
8872
33
7578
2803
6995
3801
370
270
2493
2494
2442
8328
3109
2303
2104
6336
5867
545
1055
1997
8648
948
5509
3201
8233
9048
469
3702
3698
4017
9337
8900
3164
5115
7359
2428
7465
2000
3243
8687
8406
2487
